100559ms
t Pt t 总场 目标 海面 耦合 
0 -0.61559374 173.61988 -0.040594241 -0.040594241 0 0
0.03125 0.31279882 173.65113 0.067320181 0.067320181 0 0
0.0625 2.6720176 173.68238 0.15398093 0.15398093 0 0
0.09375 -1.7317652 173.71363 -0.31575707 -0.31575707 0 0
0.125 -10.458371 173.74488 -0.51022043 -0.51022043 0 0
0.15625 8.2022704 173.77613 1.3034055 1.3034055 0 0
0.1875 36.888527 173.80738 1.451771 1.451771 0 0
0.21875 -33.905313 173.83863 -4.7608956 -4.7608956 0 0
0.25 -117.15859 173.86988 -3.4257836 -3.4257836 0 0
0.28125 123.6667 173.90113 15.436963 15.436963 0 0
0.3125 334.71217 173.93238 6.1250865 6.1250865 0 0
0.34375 -400.66498 173.96363 -44.507933 -44.507933 0 0
0.375 -859.03913 173.99488 -5.4341354 -5.4341354 0 0
0.40625 1158.0714 174.02613 114.17427 114.17427 0 0
0.4375 1977.1709 174.05738 -13.815861 -13.815861 0 0
0.46875 -2995.0287 174.08863 -260.47991 -260.47991 0 0
0.5 -4071.3718 174.11988 90.014835 90.014835 0 0
0.53125 6945.2867 174.15113 527.73113 527.73113 0 0
0.5625 7475.8945 174.18238 -297.40229 -297.40229 0 0
0.59375 -14463.254 174.21363 -946.78939 -946.78939 0 0
0.625 -12181.488 174.24488 746.10318 746.10318 0 0
0.65625 27078.151 174.27613 1496.9279 1496.9279 0 0
0.6875 17481.405 174.30738 -1551.6059 -1551.6059 0 0
0.71875 -45615.746 174.33863 -2068.757 -2068.757 0 0
0.75 -21817.247 174.36988 2766.5351 2766.5351 0 0
0.78125 69187.112 174.40113 2462.9721 2462.9721 0 0
0.8125 23124.571 174.43238 -4298.6715 -4298.6715 0 0
0.84375 -94525.479 174.46363 -2454.0594 -2454.0594 0 0
0.875 -19736.753 174.49488 5872.2132 5872.2132 0 0
0.90625 116365.67 174.52613 1907.0983 1907.0983 0 0
0.9375 11445.14 174.55738 -7087.5268 -7087.5268 0 0
0.96875 -129104.51 174.58863 -882.02907 -882.02907 0 0
1 0 174.61988 7578.198 7578.198 0 0
1.03125 129104.51 174.65113 -355.60638 -355.60638 0 0
1.0625 -11445.14 174.68238 -7185.5534 -7185.5534 0 0
1.09375 -116365.67 174.71363 1444.7476 1444.7476 0 0
1.125 19736.753 174.74488 6039.7097 6039.7097 0 0
1.15625 94525.479 174.77613 -2098.4061 -2098.4061 0 0
1.1875 -23124.571 174.80738 -4491.8919 -4491.8919 0 0
1.21875 -69187.112 174.83863 2224.9329 2224.9329 0 0
1.25 21817.247 174.86988 2944.8226 2944.8226 0 0
1.28125 45615.746 174.90113 -1931.9259 -1931.9259 0 0
1.3125 -17481.405 174.93238 -1690.3152 -1690.3152 0 0
1.34375 -27078.151 174.96363 1431.1633 1431.1633 0 0
1.375 12181.488 174.99488 839.21156 839.21156 0 0
1.40625 14463.254 175.02613 -922.03222 -922.03222 0 0
1.4375 -7475.8945 175.05738 -351.95615 -351.95615 0 0
1.46875 -6945.2867 175.08863 521.99255 521.99255 0 0
1.5 4071.3718 175.11988 118.0883 118.0883 0 0
1.53125 2995.0287 175.15113 -261.25773 -261.25773 0 0
1.5625 -1977.1709 175.18238 -26.541789 -26.541789 0 0
1.59375 -1158.0714 175.21363 116.0185 116.0185 0 0
1.625 859.03913 175.24488 -0.34916248 -0.34916248 0 0
1.65625 400.66498 175.27613 -45.806639 -45.806639 0 0
1.6875 -334.71217 175.30738 4.3367978 4.3367978 0 0
1.71875 -123.6667 175.33863 16.094132 16.094132 0 0
1.75 117.15859 175.36988 -2.8746095 -2.8746095 0 0
1.78125 33.905313 175.40113 -5.03174 -5.03174 0 0
1.8125 -36.888527 175.43238 1.3045768 1.3045768 0 0
1.84375 -8.2022704 175.46363 1.3984452 1.3984452 0 0
1.875 10.458371 175.49488 -0.47950213 -0.47950213 0 0
1.90625 1.7317652 175.52613 -0.34441863 -0.34441863 0 0
1.9375 -2.6720176 175.55738 0.16400313 0.16400313 0 0
1.96875 -0.31279882 175.58863 0.069294159 0.069294159 0 0
2 0.61559374 175.61988 -0.1159752 -0.1159752 0 0
2.03125 0.046324049 175.65113 0.032867284 0.032867284 0 0
2.0625 -0.12795357 175.68238 0.32491779 0.32491779 0 0
2.09375 -0.0049851717 175.71363 -0.27755888 -0.27755888 0 0
2.125 0.024004699 175.74488 -1.1625891 -1.1625891 0 0
2.15625 0.00017436516 175.77613 1.3545114 1.3545114 0 0
2.1875 -0.0040660738 175.80738 3.7815059 3.7815059 0 0
2.21875 8.3688086e-05 175.83863 -5.5871756 -5.5871756 0 0
2.25 0.00062203153 175.86988 -10.837901 -10.837901 0 0
2.28125 -2.8101696e-05 175.90113 20.026778 20.026778 0 0
2.3125 -8.5962494e-05 175.93238 27.027056 27.027056 0 0
2.34375 5.7607325e-06 175.96363 -63.056846 -63.056846 0 0
2.375 1.0733671e-05 175.99488 -57.448033 -57.448033 0 0
2.40625 -9.2849026e-07 176.02613 175.46278 175.46278 0 0
2.4375 -1.2111504e-06 176.05738 99.587194 99.587194 0 0
2.46875 1.2594158e-07 176.08863 -432.99931 -432.99931 0 0
2.5 1.2351307e-07 176.11988 -123.92162 -123.92162 0 0
2.53125 -1.4791167e-08 176.15113 949.3837 949.3837 0 0
2.5625 -1.1385067e-08 176.18238 43.573912 43.573912 0 0
2.59375 1.5262787e-09 176.21363 -1850.6159 -1850.6159 0 0
2.625 9.4863332e-10 176.24488 311.2673 311.2673 0 0
2.65625 -1.3956354e-10 176.27613 3205.534 3205.534 0 0
2.6875 -7.1453547e-11 176.30738 -1179.672 -1179.672 0 0
2.71875 1.1370297e-11 176.33863 -4925.6886 -4925.6886 0 0
2.75 4.865475e-12 176.36988 2781.9485 2781.9485 0 0
2.78125 -8.2836831e-13 176.40113 6692.9921 6692.9921 0 0
2.8125 -2.9950721e-13 176.43238 -5162.8418 -5162.8418 0 0
2.84375 5.4106844e-14 176.46363 -7997.5227 -7997.5227 0 0
2.875 1.6667318e-14 176.49488 8044.3171 8044.3171 0 0
2.90625 -3.1745629e-15 176.52613 8323.806 8323.806 0 0
2.9375 -8.384698e-16 176.55738 -10811.764 -10811.764 0 0
2.96875 1.6754958e-16 176.58863 -7414.652 -7414.652 0 0
3 3.8128528e-17 176.61988 12706.855 12706.855 0 0
3.03125 -7.9636956e-18 176.65113 5448.8738 5448.8738 0 0
3.0625 -1.5671886e-18 176.68238 -13158.436 -13158.436 0 0
3.09375 3.4117799e-19 176.71363 -2993.4732 -2993.4732 0 0
3.125 5.821809e-20 176.74488 12057.969 12057.969 0 0
3.15625 -1.3184116e-20 176.77613 740.12532 740.12532 0 0
3.1875 -1.9543612e-21 176.80738 -9800.587 -9800.587 0 0
3.21875 4.5980853e-22 176.83863 808.13766 808.13766 0 0
3.25 5.9277901e-23 176.86988 7071.4292 7071.4292 0 0
3.28125 -1.4479988e-23 176.90113 -1508.1157 -1508.1157 0 0
3.3125 -1.6241896e-24 176.93238 -4527.4392 -4527.4392 0 0
3.34375 4.1190765e-25 176.96363 1533.7059 1533.7059 0 0
3.375 4.0191327e-26 176.99488 2567.4573 2567.4573 0 0
3.40625 -1.0588161e-26 177.02613 -1198.2018 -1198.2018 0 0
3.4375 -8.9795073e-28 177.05738 -1284.9638 -1284.9638 0 0
3.46875 2.4601252e-28 177.08863 779.59152 779.59152 0 0
3.5 1.810681e-29 177.11988 563.93724 563.93724 0 0
3.53125 -5.167963e-30 177.15113 -436.1984 -436.1984 0 0
3.5625 -3.2938994e-31 177.18238 -214.5175 -214.5175 0 0
3.59375 9.8175281e-32 177.21363 213.32181 213.32181 0 0
3.625 5.4028484e-33 177.24488 68.93014 68.93014 0 0
3.65625 -1.6868973e-33 177.27613 -92.225486 -92.225486 0 0
3.6875 -7.9852191e-35 177.30738 -16.717886 -16.717886 0 0
3.71875 2.622117e-35 177.33863 35.970469 35.970469 0 0
3.75 1.062512e-36 177.36988 -1.4624399 -1.4624399 0 0
3.78125 -3.687713e-37 177.40113 -13.525966 -13.525966 0 0
3.8125 -1.271429e-38 177.43238 14.745562 14.745562 0 0
3.84375 4.6931174e-39 177.46363 4.6093246 4.6093246 0 0
3.875 1.3663022e-40 177.49488 -41.565413 -41.565413 0 0
3.90625 -5.4052582e-41 177.52613 6.3032349 6.3032349 0 0
3.9375 -1.3160656e-42 177.55738 102.63807 102.63807 0 0
3.96875 5.6346687e-43 177.58863 -41.164537 -41.164537 0 0
4 1.1333354e-44 177.61988 -226.05749 -226.05749 0 0
4.03125 -5.3169051e-45 177.65113 141.71005 141.71005 0 0
4.0625 -8.6933565e-47 177.68238 441.56798 441.56798 0 0
4.09375 4.5417759e-47 177.71363 -379.47422 -379.47422 0 0
4.125 5.9071363e-49 177.74488 -760.58933 -760.58933 0 0
4.15625 -3.5123919e-49 177.77613 850.84146 850.84146 0 0
4.1875 -3.5248691e-51 177.80738 1145.5119 1145.5119 0 0
4.21875 2.4593589e-51 177.83863 -1643.6859 -1643.6859 0 0
4.25 1.8195051e-53 177.86988 -1486.3154 -1486.3154 0 0
4.28125 -1.5592329e-53 177.90113 2774.8656 2774.8656 0 0
4.3125 -7.8885675e-56 177.93238 1613.2549 1613.2549 0 0
4.34375 8.9515107e-56 177.96363 -4125.7417 -4125.7417 0 0
4.375 2.6740472e-58 177.99488 -1363.0291 -1363.0291 0 0
4.40625 -4.6537382e-58 178.02613 5426.4719 5426.4719 0 0
4.4375 -5.3733659e-61 178.05738 677.32122 677.32122 0 0
4.46875 2.1910381e-60 178.08863 -6328.5408 -6328.5408 0 0
4.5 -1.0148499e-63 178.11988 327.78832 327.78832 0 0
4.53125 -9.3424481e-63 178.15113 6549.6883 6549.6883 0 0
4.5625 1.7639349e-65 178.18238 -1382.7639 -1382.7639 0 0
4.59375 3.6078889e-65 178.21363 -6012.5044 -6012.5044 0 0
4.625 -1.1327428e-67 178.24488 2180.7331 2180.7331 0 0
4.65625 -1.2619578e-67 178.27613 4886.2349 4886.2349 0 0
4.6875 5.3447653e-70 178.30738 -2521.2345 -2521.2345 0 0
4.71875 3.9980852e-70 178.33863 -3502.0855 -3502.0855 0 0
4.75 -2.0753132e-72 178.36988 2390.4251 2390.4251 0 0
4.78125 -1.1473343e-72 178.40113 2198.814 2198.814 0 0
4.8125 6.9070829e-75 178.43238 -1934.9182 -1934.9182 0 0
4.84375 2.9824471e-75 178.46363 -1194.899 -1194.899 0 0
4.875 -2.0089721e-77 178.49488 1362.677 1362.677 0 0
4.90625 -7.0228539e-78 178.52613 549.07158 549.07158 0 0
4.9375 5.1616373e-80 178.55738 -843.55381 -843.55381 0 0
4.96875 1.4980456e-80 178.58863 -202.28815 -202.28815 0 0
5 -1.179222e-82 178.61988 461.75766 461.75766 0 0
5.03125 -2.8947999e-83 178.65113 50.332704 50.332704 0 0
5.0625 2.4059093e-85 178.68238 -224.30552 -224.30552 0 0
5.09375 5.0676323e-86 178.71363 0.18144279 0.18144279 0 0
5.125 -4.3968567e-88 178.74488 96.885863 96.885863 0 0
5.15625 -8.0370181e-89 178.77613 -9.4050995 -9.4050995 0 0
5.1875 7.2131676e-91 178.80738 -37.24351 -37.24351 0 0
5.21875 1.1547761e-91 178.83863 6.8997626 6.8997626 0 0
5.25 -1.0639775e-93 178.86988 12.739671 12.739671 0 0
5.28125 -1.5032205e-94 178.90113 -3.4393182 -3.4393182 0 0
5.3125 1.4128608e-96 178.93238 -3.8733788 -3.8733788 0 0
5.34375 1.7728756e-97 178.96363 1.377987 1.377987 0 0
5.375 -1.6906279e-99 178.99488 1.0442654 1.0442654 0 0
5.40625 -1.8944044e-100 179.02613 -0.46786758 -0.46786758 0 0
5.4375 1.8243771e-102 179.05738 -0.24860592 -0.24860592 0 0
5.46875 1.8340604e-103 179.08863 0.13783221 0.13783221 0 0
5.5 -1.7765271e-105 179.11988 0.05189424 0.05189424 0 0
5.53125 -1.6088234e-106 179.15113 -0.035676668 -0.035676668 0 0
5.5625 1.5618671e-108 179.18238 -0.0093803837 -0.0093803837 0 0
5.59375 1.2786859e-109 179.21363 0.0081744893 0.0081744893 0 0
5.625 -1.2402757e-111 179.24488 0.0014333538 0.0014333538 0 0
5.65625 -9.2084527e-113 179.27613 -0.0016658666 -0.0016658666 0 0
5.6875 8.899214e-115 179.30738 -0.00017517743 -0.00017517743 0 0
5.71875 6.0087342e-116 179.33863 0.00030289755 0.00030289755 0 0
5.75 -5.7713591e-118 179.36988 1.4270615e-05 1.4270615e-05 0 0
5.78125 -3.5527022e-119 179.40113 -4.9245324e-05 -4.9245324e-05 0 0
5.8125 3.3838595e-121 179.43238 1.0907279e-07 1.0907279e-07 0 0
5.84375 1.9033548e-122 179.46363 7.1695359e-06 7.1695359e-06 0 0
5.875 -1.7941283e-124 179.49488 -3.2410847e-07 -3.2410847e-07 0 0
5.90625 -9.2399837e-126 179.52613 -9.3562848e-07 -9.3562848e-07 0 0
5.9375 8.603754e-128 179.55738 7.8224225e-08 7.8224225e-08 0 0
5.96875 4.0646047e-129 179.58863 1.0951288e-07 1.0951288e-07 0 0
6 -3.7324279e-131 179.61988 -1.3007416e-08 -1.3007416e-08 0 0
6.03125 -1.6201901e-132 179.65113 -1.1500018e-08 -1.1500018e-08 0 0
6.0625 1.4649761e-134 179.68238 1.7462808e-09 1.7462808e-09 0 0
6.09375 5.8521964e-136 179.71363 1.0834157e-09 1.0834157e-09 0 0
6.125 -5.2031263e-138 179.74488 -1.9919493e-10 -1.9919493e-10 0 0
6.15625 -1.9154972e-139 179.77613 -9.1540469e-11 -9.1540469e-11 0 0
6.1875 1.6724209e-141 179.80738 1.9755781e-11 1.9755781e-11 0 0
6.21875 5.6814364e-143 179.83863 6.9320341e-12 6.9320341e-12 0 0
6.25 -4.8654309e-145 179.86988 -1.7248626e-12 -1.7248626e-12 0 0
6.28125 -1.5270487e-146 179.90113 -4.6996041e-13 -4.6996041e-13 0 0
6.3125 1.2812498e-148 179.93238 1.3356875e-13 1.3356875e-13 0 0
6.34375 3.7193722e-150 179.96363 2.8476924e-14 2.8476924e-14 0 0
6.375 -3.0543677e-152 179.99488 -9.2183761e-15 -9.2183761e-15 0 0
6.40625 -8.2094146e-154 180.02613 -1.5384531e-15 -1.5384531e-15 0 0
6.4375 6.592018e-156 180.05738 5.6892288e-16 5.6892288e-16 0 0
6.46875 1.6420416e-157 180.08863 7.3829301e-17 7.3829301e-17 0 0
6.5 -1.2881203e-159 180.11988 -3.1473343e-17 -3.1473343e-17 0 0
6.53125 -2.9763842e-161 180.15113 -3.1292694e-18 -3.1292694e-18 0 0
6.5625 2.2791039e-163 180.18238 1.5634935e-18 1.5634935e-18 0 0
6.59375 4.8891126e-165 180.21363 1.1605747e-19 1.1605747e-19 0 0
6.625 -3.6514692e-167 180.24488 -6.9839854e-20 -6.9839854e-20 0 0
6.65625 -7.2779738e-169 180.27613 -3.7044225e-21 -3.7044225e-21 0 0
6.6875 5.2977444e-171 180.30738 2.8081829e-21 2.8081829e-21 0 0
6.71875 9.8182349e-173 180.33863 9.8394985e-23 9.8394985e-23 0 0
6.75 -6.9607542e-175 180.36988 -1.0172523e-22 -1.0172523e-22 0 0
6.78125 -1.2003331e-176 180.40113 -1.994708e-24 -1.994708e-24 0 0
6.8125 8.2829279e-179 180.43238 3.3220722e-24 3.3220722e-24 0 0
6.84375 1.3298984e-180 180.46363 2.0885462e-26 2.0885462e-26 0 0
6.875 -8.9267336e-183 180.49488 -9.7860729e-26 -9.7860729e-26 0 0
6.90625 -1.3353226e-184 180.52613 5.1747707e-28 5.1747707e-28 0 0
6.9375 8.7136437e-187 180.55738 2.601517e-27 2.601517e-27 0 0
6.96875 1.2150876e-188 180.58863 -4.0064551e-29 -4.0064551e-29 0 0
7 -7.7040967e-191 180.61988 -6.2435304e-29 -6.2435304e-29 0 0
7.03125 -1.0020404e-192 180.65113 1.5158882e-30 1.5158882e-30 0 0
7.0625 6.1698328e-195 180.68238 1.3531898e-30 1.3531898e-30 0 0
7.09375 7.4889605e-197 180.71363 -4.3451506e-32 -4.3451506e-32 0 0
7.125 -4.4757809e-199 180.74488 -2.6492912e-32 -2.6492912e-32 0 0
7.15625 -5.0724635e-201 180.77613 1.0344623e-33 1.0344623e-33 0 0
7.1875 2.9411765e-203 180.80738 4.6862583e-34 4.6862583e-34 0 0
7.21875 3.1137209e-205 180.83863 -2.1054001e-35 -2.1054001e-35 0 0
7.25 -1.7508237e-207 180.86988 -6.299144e-36 -6.299144e-36 0 0
7.28125 -1.7322318e-209 180.90113 -9.4950839e-36 -9.4950839e-36 0 0
7.3125 9.4415715e-212 180.93238 -7.3182989e-35 -7.3182989e-35 0 0
7.34375 8.7337355e-214 180.96363 6.4595944e-34 6.4595944e-34 0 0
7.375 -4.6125112e-216 180.99488 4.043474e-33 4.043474e-33 0 0
7.40625 -3.9908357e-218 181.02613 -3.8134275e-32 -3.8134275e-32 0 0
7.4375 2.0414182e-220 181.05738 -1.9985291e-31 -1.9985291e-31 0 0
7.46875 1.6527206e-222 181.08863 2.0318541e-30 2.0318541e-30 0 0
7.5 -8.1853528e-225 181.11988 8.8251142e-30 8.8251142e-30 0 0
7.53125 -6.2030992e-227 181.15113 -9.7712536e-29 -9.7712536e-29 0 0
7.5625 2.973464e-229 181.18238 -3.4680424e-28 -3.4680424e-28 0 0
7.59375 2.1100542e-231 181.21363 4.2410869e-27 4.2410869e-27 0 0
7.625 -9.786249e-234 181.24488 1.205788e-26 1.205788e-26 0 0
7.65625 -6.5051285e-236 181.27613 -1.6612691e-25 -1.6612691e-25 0 0
7.6875 2.91814e-238 181.30738 -3.6750056e-25 -3.6750056e-25 0 0
7.71875 1.8175958e-240 181.33863 5.871959e-24 5.871959e-24 0 0
7.75 -7.8838768e-243 181.36988 9.6617402e-24 9.6617402e-24 0 0
7.78125 -4.6027732e-245 181.40113 -1.8725185e-22 -1.8725185e-22 0 0
7.8125 1.9298543e-247 181.43238 -2.1220961e-22 -2.1220961e-22 0 0
7.84375 1.0563902e-249 181.46363 5.3859442e-21 5.3859442e-21 0 0
7.875 -4.2802288e-252 181.49488 3.5946554e-21 3.5946554e-21 0 0
7.90625 -2.1974208e-254 181.52613 -1.3968545e-19 -1.3968545e-19 0 0
7.9375 8.6014893e-257 181.55738 -3.3559355e-20 -3.3559355e-20 0 0
7.96875 4.1427406e-259 181.58863 3.2652576e-18 3.2652576e-18 0 0
8 -1.5662123e-261 181.61988 -5.0662534e-19 -5.0662534e-19 0 0
8.03125 -7.0786333e-264 181.65113 -6.8760333e-17 -6.8760333e-17 0 0
8.0625 2.584067e-266 181.68238 3.6127266e-17 3.6127266e-17 0 0
8.09375 1.096225e-268 181.71363 1.3035637e-15 1.3035637e-15 0 0
8.125 -3.8631232e-271 181.74488 -1.1432883e-15 -1.1432883e-15 0 0
8.15625 -1.5386506e-273 181.77613 -2.2230294e-14 -2.2230294e-14 0 0
8.1875 5.2331151e-276 181.80738 2.705175e-14 2.705175e-14 0 0
8.21875 1.9573646e-278 181.83863 3.4066138e-13 3.4066138e-13 0 0
8.25 -6.4235335e-281 181.86988 -5.2886019e-13 -5.2886019e-13 0 0
8.28125 -2.2568162e-283 181.90113 -4.684644e-12 -4.684644e-12 0 0
8.3125 7.1447077e-286 181.93238 8.8663356e-12 8.8663356e-12 0 0
8.34375 2.358385e-288 181.96363 5.7706869e-11 5.7706869e-11 0 0
8.375 -7.2010579e-291 181.99488 -1.2976804e-10 -1.2976804e-10 0 0
8.40625 -2.2337189e-293 182.02613 -6.3521234e-10 -6.3521234e-10 0 0
8.4375 6.5767885e-296 182.05738 1.6745671e-09 1.6745671e-09 0 0
8.46875 1.9175154e-298 182.08863 6.2268578e-09 6.2268578e-09 0 0
8.5 -5.4430383e-301 182.11988 -1.9165931e-08 -1.9165931e-08 0 0
8.53125 -1.4919248e-303 182.15113 -5.4088967e-08 -5.4088967e-08 0 0
8.5625 4.0820927e-306 182.18238 1.9529062e-07 1.9529062e-07 0 0
8.59375 1.0520925e-308 182.21363 4.1312213e-07 4.1312213e-07 0 0
8.625 -2.774227e-311 182.24488 -1.7758573e-06 -1.7758573e-06 0 0
8.65625 -6.7241586e-314 182.27613 -2.7387436e-06 -2.7387436e-06 0 0
8.6875 1.6995652e-316 182.30738 1.44336e-05 1.44336e-05 0 0
8.71875 0 182.33863 1.5380321e-05 1.5380321e-05 0 0
8.75 -0 182.36988 -0.00010494583 -0.00010494583 0 0
8.78125 -0 182.40113 -6.9262494e-05 -6.9262494e-05 0 0
8.8125 0 182.43238 0.00068287109 0.00068287109 0 0
8.84375 0 182.46363 0.00020943901 0.00020943901 0 0
8.875 -0 182.49488 -0.0039760587 -0.0039760587 0 0
8.90625 -0 182.52613 -3.4602378e-05 -3.4602378e-05 0 0
8.9375 0 182.55738 0.020704322 0.020704322 0 0
8.96875 0 182.58863 -0.0061751831 -0.0061751831 0 0
9 -0 182.61988 -0.096312934 -0.096312934 0 0
9.03125 -0 182.65113 0.055180987 0.055180987 0 0
9.0625 0 182.68238 0.39952995 0.39952995 0 0
9.09375 0 182.71363 -0.33721815 -0.33721815 0 0
9.125 -0 182.74488 -1.4739009 -1.4739009 0 0
9.15625 -0 182.77613 1.6580421 1.6580421 0 0
9.1875 0 182.80738 4.8153335 4.8153335 0 0
9.21875 0 182.83863 -6.9049771 -6.9049771 0 0
9.25 -0 182.86988 -13.840984 -13.840984 0 0
9.28125 -0 182.90113 24.915933 24.915933 0 0
9.3125 0 182.93238 34.620088 34.620088 0 0
9.34375 0 182.96363 -78.825897 -78.825897 0 0
9.375 -0 182.99488 -73.856851 -73.856851 0 0
9.40625 -0 183.02613 220.10556 220.10556 0 0
9.4375 0 183.05738 128.74284 128.74284 0 0
9.46875 0 183.08863 -544.53563 -544.53563 0 0
9.5 -0 183.11988 -162.24416 -162.24416 0 0
9.53125 -0 183.15113 1196.0216 1196.0216 0 0
9.5625 0 183.18238 64.296617 64.296617 0 0
9.59375 0 183.21363 -2333.8879 -2333.8879 0 0
9.625 -0 183.24488 381.04578 381.04578 0 0
9.65625 -0 183.27613 4044.4066 4044.4066 0 0
9.6875 0 183.30738 -1478.3463 -1478.3463 0 0
9.71875 0 183.33863 -6213.3773 -6213.3773 0 0
9.75 -0 183.36988 3508.4072 3508.4072 0 0
9.78125 -0 183.40113 8434.5954 8434.5954 0 0
9.8125 0 183.43238 -6527.9132 -6527.9132 0 0
9.84375 0 183.46363 -10059.41 -10059.41 0 0
9.875 -0 183.49488 10181.601 10181.601 0 0
9.90625 -0 183.52613 10435.658 10435.658 0 0
9.9375 0 183.55738 -13685.558 -13685.558 0 0
9.96875 0 183.58863 -9244.1215 -9244.1215 0 0
10 -0 183.61988 16074.838 16074.838 0 0
10.03125 -0 183.65113 6722.5815 6722.5815 0 0
10.0625 0 183.68238 -16626.406 -16626.406 0 0
10.09375 0 183.71363 -3600.3148 -3600.3148 0 0
10.125 -0 183.74488 15209.075 15209.075 0 0
10.15625 -0 183.77613 758.30266 758.30266 0 0
10.1875 0 183.80738 -12332.365 -12332.365 0 0
10.21875 0 183.83863 1170.421 1170.421 0 0
10.25 -0 183.86988 8870.6728 8870.6728 0 0
10.28125 -0 183.90113 -2015.1495 -2015.1495 0 0
10.3125 0 183.93238 -5656.8194 -5656.8194 0 0
10.34375 0 183.96363 2007.6657 2007.6657 0 0
10.375 -0 183.99488 3191.3954 3191.3954 0 0
10.40625 -0 184.02613 -1552.2404 -1552.2404 0 0
10.4375 0 184.05738 -1586.2896 -1586.2896 0 0
10.46875 0 184.08863 1002.847 1002.847 0 0
10.5 -0 184.11988 689.50858 689.50858 0 0
10.53125 -0 184.15113 -557.90162 -557.90162 0 0
10.5625 0 184.18238 -258.49012 -258.49012 0 0
10.59375 0 184.21363 271.28008 271.28008 0 0
10.625 -0 184.24488 81.207325 81.207325 0 0
10.65625 -0 184.27613 -116.21253 -116.21253 0 0
10.6875 0 184.30738 -19.825194 -19.825194 0 0
10.71875 0 184.33863 43.982631 43.982631 0 0
10.75 -0 184.36988 -2.6800518 -2.6800518 0 0
10.78125 -0 184.40113 -14.625774 -14.625774 0 0
10.8125 0 184.43238 0.67770403 0.67770403 0 0
10.84375 0 184.46363 -4.1447545 -4.1447545 0 0
10.875 -0 184.49488 -0.77020867 -0.77020867 0 0
10.90625 -0 184.52613 0.87273468 0.87273468 0 0
10.9375 0 184.55738 0.44164641 0.44164641 0 0
10.96875 0 184.58863 -0.024989901 -0.024989901 0 0
11 -0 184.61988 -0.21111874 -0.21111874 0 0
11.03125 -0 184.65113 0.094260629 0.094260629 0 0
11.0625 0 184.68238 0.083995135 0.083995135 0 0
11.09375 0 184.71363 -0.0071192359 -0.0071192359 0 0
11.125 -0 184.74488 -0.0094552531 -0.0094552531 0 0
11.15625 -0 184.77613 -0.19322857 -0.19322857 0 0
11.1875 0 184.80738 -0.027208182 -0.027208182 0 0
11.21875 0 184.83863 0.70593937 0.70593937 0 0
11.25 -0 184.86988 0.10813038 0.10813038 0 0
11.28125 -0 184.90113 -2.3213815 -2.3213815 0 0
11.3125 0 184.93238 -1.1427861 -1.1427861 0 0
11.34375 0 184.96363 7.3284552 7.3284552 0 0
11.375 -0 184.99488 -5.8558484 -5.8558484 0 0
11.40625 -0 185.02613 -21.344588 -21.344588 0 0
11.4375 0 185.05738 23.036474 23.036474 0 0
11.46875 0 185.08863 55.868834 55.868834 0 0
11.5 -0 185.11988 -76.283177 -76.283177 0 0
11.53125 -0 185.15113 -129.37332 -129.37332 0 0
11.5625 0 185.18238 219.37039 219.37039 0 0
11.59375 0 185.21363 260.97565 260.97565 0 0
11.625 -0 185.24488 -554.9025 -554.9025 0 0
11.65625 -0 185.27613 -447.54064 -447.54064 0 0
11.6875 0 185.30738 1241.5282 1241.5282 0 0
11.71875 0 185.33863 619.27227 619.27227 0 0
11.75 -0 185.36988 -2461.8362 -2461.8362 0 0
11.78125 -0 185.40113 -588.24708 -588.24708 0 0
11.8125 0 185.43238 4324.6976 4324.6976 0 0
11.84375 0 185.46363 35.336904 35.336904 0 0
11.875 -0 185.49488 -6712.714 -6712.714 0 0
11.90625 -0 185.52613 1403.6013 1403.6013 0 0
11.9375 0 185.55738 9154.9154 9154.9154 0 0
11.96875 0 185.58863 -3931.4109 -3931.4109 0 0
12 -0 185.61988 -10855.8 -10855.8 0 0
12.03125 -0 185.65113 7344.7463 7344.7463 0 0
12.0625 0 185.68238 10966.557 10966.557 0 0
12.09375 0 185.71363 -10928.156 -10928.156 0 0
12.125 -0 185.74488 -9021.5059 -9021.5059 0 0
12.15625 -0 185.77613 13641.254 13641.254 0 0
12.1875 0 185.80738 5286.5959 5286.5959 0 0
12.21875 0 185.83863 -14570.099 -14570.099 0 0
12.25 -0 185.86988 -751.05377 -751.05377 0 0
12.28125 -0 185.90113 13391.987 13391.987 0 0
12.3125 0 185.93238 -3292.7661 -3292.7661 0 0
12.34375 0 185.96363 -10545.942 -10545.942 0 0
12.375 -0 185.99488 5840.603 5840.603 0 0
12.40625 -0 186.02613 6991.2511 6991.2511 0 0
12.4375 0 186.05738 -6573.2489 -6573.2489 0 0
12.46875 0 186.08863 -3725.0733 -3725.0733 0 0
12.5 -0 186.11988 5849.7208 5849.7208 0 0
12.53125 -0 186.15113 1372.8441 1372.8441 0 0
12.5625 0 186.18238 -4378.2127 -4378.2127 0 0
12.59375 0 186.21363 -61.643997 -61.643997 0 0
12.625 -0 186.24488 2826.5292 2826.5292 0 0
12.65625 -0 186.27613 -439.53778 -439.53778 0 0
12.6875 0 186.30738 -1592.7478 -1592.7478 0 0
12.71875 0 186.33863 479.82563 479.82563 0 0
12.75 -0 186.36988 787.37669 787.37669 0 0
12.78125 -0 186.40113 -346.14361 -346.14361 0 0
12.8125 0 186.43238 -341.57626 -341.57626 0 0
12.84375 0 186.46363 199.75519 199.75519 0 0
12.875 -0 186.49488 129.38143 129.38143 0 0
12.90625 -0 186.52613 -97.737766 -97.737766 0 0
12.9375 0 186.55738 -42.182469 -42.182469 0 0
12.96875 0 186.58863 41.640217 41.640217 0 0
13 -0 186.61988 -11.417628 -11.417628 0 0
13.03125 -0 186.65113 -15.714402 -15.714402 0 0
13.0625 0 186.68238 2.2921915 2.2921915 0 0
13.09375 0 186.71363 5.3478471 5.3478471 0 0
13.125 -0 186.74488 -0.069364067 -0.069364067 0 0
13.15625 -0 186.77613 -1.6042098 -1.6042098 0 0
13.1875 0 186.80738 0.72357394 0.72357394 0 0
13.21875 0 186.83863 0.15928523 0.15928523 0 0
13.25 -0 186.86988 -2.504551 -2.504551 0 0
13.28125 -0 186.90113 -3.2232953 -3.2232953 0 0
13.3125 0 186.93238 8.0119201 8.0119201 0 0
13.34375 0 186.96363 -13.45899 -13.45899 0 0
13.375 -0 186.99488 -22.591656 -22.591656 0 0
13.40625 -0 187.02613 46.32971 46.32971 0 0
13.4375 0 187.05738 55.360867 55.360867 0 0
13.46875 0 187.08863 -139.97833 -139.97833 0 0
13.5 -0 187.11988 -115.97567 -115.97567 0 0
13.53125 -0 187.15113 375.31603 375.31603 0 0
13.5625 0 187.18238 199.81704 199.81704 0 0
13.59375 0 187.21363 -895.67008 -895.67008 0 0
13.625 -0 187.24488 -254.00529 -254.00529 0 0
13.65625 -0 187.27613 1903.4128 1903.4128 0 0
13.6875 0 187.30738 127.83471 127.83471 0 0
13.71875 0 187.33863 -3598.7719 -3598.7719 0 0
13.75 -0 187.36988 461.5704 461.5704 0 0
13.78125 -0 187.40113 6039.2997 6039.2997 0 0
13.8125 0 187.43238 -1888.6508 -1888.6508 0 0
13.84375 0 187.46363 -8956.2147 -8956.2147 0 0
13.875 -0 187.49488 4452.2995 4452.2995 0 0
13.90625 -0 187.52613 11646.188 11646.188 0 0
13.9375 0 187.55738 -8110.2173 -8110.2173 0 0
13.96875 0 187.58863 -13088.725 -13088.725 0 0
14 -0 187.61988 12265.782 12265.782 0 0
14.03125 -0 187.65113 12340.492 12340.492 0 0
14.0625 0 187.68238 -15815.019 -15815.019 0 0
14.09375 0 187.71363 -9048.6535 -9048.6535 0 0
14.125 -0 187.74488 17543.759 17543.759 0 0
14.15625 -0 187.77613 3765.0014 3765.0014 0 0
14.1875 0 187.80738 -16709.027 -16709.027 0 0
14.21875 0 187.83863 2191.3658 2191.3658 0 0
14.25 -0 187.86988 13449.167 13449.167 0 0
14.28125 -0 187.90113 -7286.0341 -7286.0341 0 0
14.3125 0 187.93238 -8740.9322 -8740.9322 0 0
14.34375 0 187.96363 10411.766 10411.766 0 0
14.375 -0 187.99488 3928.2212 3928.2212 0 0
14.40625 -0 188.02613 -11254.279 -11254.279 0 0
14.4375 0 188.05738 -131.98997 -131.98997 0 0
14.46875 0 188.08863 10235.511 10235.511 0 0
14.5 -0 188.11988 -2115.457 -2115.457 0 0
14.53125 -0 188.15113 -8167.6835 -8167.6835 0 0
14.5625 0 188.18238 2875.6832 2875.6832 0 0
14.59375 0 188.21363 5874.7242 5874.7242 0 0
14.625 -0 188.24488 -2557.0369 -2557.0369 0 0
14.65625 -0 188.27613 -3967.1717 -3967.1717 0 0
14.6875 0 188.30738 1627.3566 1627.3566 0 0
14.71875 0 188.33863 2804.8546 2804.8546 0 0
14.75 -0 188.36988 -444.30282 -444.30282 0 0
14.78125 -0 188.40113 -2568.3287 -2568.3287 0 0
14.8125 0 188.43238 -758.63213 -758.63213 0 0
14.84375 0 188.46363 3329.1845 3329.1845 0 0
14.875 -0 188.49488 1790.1946 1790.1946 0 0
14.90625 -0 188.52613 -5046.9415 -5046.9415 0 0
14.9375 0 188.55738 -2424.9529 -2424.9529 0 0
14.96875 0 188.58863 7496.3241 7496.3241 0 0
15 -0 188.61988 2416.0186 2416.0186 0 0
15.03125 -0 188.65113 -10204.405 -10204.405 0 0
15.0625 0 188.68238 -1610.6161 -1610.6161 0 0
15.09375 0 188.71363 12500.683 12500.683 0 0
15.125 -0 188.74488 92.469881 92.469881 0 0
15.15625 -0 188.77613 -13719.302 -13719.302 0 0
15.1875 0 188.80738 1770.5261 1770.5261 0 0
15.21875 0 188.83863 13471.578 13471.578 0 0
15.25 -0 188.86988 -3444.5384 -3444.5384 0 0
15.28125 -0 188.90113 -11825.48 -11825.48 0 0
15.3125 0 188.93238 4463.4756 4463.4756 0 0
15.34375 0 188.96363 9269.4688 9269.4688 0 0
15.375 -0 188.99488 -4634.2511 -4634.2511 0 0
15.40625 -0 189.02613 -6480.0553 -6480.0553 0 0
15.4375 0 189.05738 4089.14 4089.14 0 0
15.46875 0 189.08863 4038.9627 4038.9627 0 0
15.5 -0 189.11988 -3174.9637 -3174.9637 0 0
15.53125 -0 189.15113 -2255.4135 -2255.4135 0 0
15.5625 0 189.18238 2275.0791 2275.0791 0 0
15.59375 0 189.21363 1150.9133 1150.9133 0 0
15.625 -0 189.24488 -1675.1598 -1675.1598 0 0
15.65625 -0 189.27613 -554.55553 -554.55553 0 0
15.6875 0 189.30738 1517.1997 1517.1997 0 0
15.71875 0 189.33863 219.22204 219.22204 0 0
15.75 -0 189.36988 -1812.8541 -1812.8541 0 0
15.78125 -0 189.40113 94.54035 94.54035 0 0
15.8125 0 189.43238 2466.8188 2466.8188 0 0
15.84375 0 189.46363 -566.369 -566.369 0 0
15.875 -0 189.49488 -3292.3091 -3292.3091 0 0
15.90625 -0 189.52613 1275.3073 1275.3073 0 0
15.9375 0 189.55738 4039.0725 4039.0725 0 0
15.96875 0 189.58863 -2170.0531 -2170.0531 0 0
16 -0 189.61988 -4458.0783 -4458.0783 0 0
16.03125 -0 189.65113 3075.8382 3075.8382 0 0
16.0625 0 189.68238 4392.2703 4392.2703 0 0
16.09375 0 189.71363 -3758.8022 -3758.8022 0 0
16.125 -0 189.74488 -3844.6927 -3844.6927 0 0
16.15625 -0 189.77613 4029.9113 4029.9113 0 0
16.1875 0 189.80738 2975.2645 2975.2645 0 0
16.21875 0 189.83863 -3832.6817 -3832.6817 0 0
16.25 -0 189.86988 -2022.1044 -2022.1044 0 0
16.28125 -0 189.90113 3261.8192 3261.8192 0 0
16.3125 0 189.93238 1195.3325 1195.3325 0 0
16.34375 0 189.96363 -2505.7226 -2505.7226 0 0
16.375 -0 189.99488 -605.49968 -605.49968 0 0
16.40625 -0 190.02613 1755.6371 1755.6371 0 0
16.4375 0 190.05738 256.5629 256.5629 0 0
16.46875 0 190.08863 -1137.2676 -1137.2676 0 0
16.5 -0 190.11988 -87.240341 -87.240341 0 0
16.53125 -0 190.15113 693.03272 693.03272 0 0
16.5625 0 190.18238 22.155436 22.155436 0 0
16.59375 0 190.21363 -405.10817 -405.10817 0 0
16.625 -0 190.24488 -4.0041969 -4.0041969 0 0
16.65625 -0 190.27613 230.98445 230.98445 0 0
16.6875 0 190.30738 1.242008 1.242008 0 0
16.71875 0 190.33863 -129.4578 -129.4578 0 0
16.75 -0 190.36988 -1.312929 -1.312929 0 0
16.78125 -0 190.40113 71.02239 71.02239 0 0
16.8125 0 190.43238 1.1145956 1.1145956 0 0
16.84375 0 190.46363 -37.654157 -37.654157 0 0
16.875 -0 190.49488 -0.62283443 -0.62283443 0 0
16.90625 -0 190.52613 18.987128 18.987128 0 0
16.9375 0 190.55738 0.1940596 0.1940596 0 0
16.96875 0 190.58863 -8.9515245 -8.9515245 0 0
17 -0 190.61988 0.047992178 0.047992178 0 0
17.03125 -0 190.65113 3.8448176 3.8448176 0 0
17.0625 0 190.68238 -0.1400152 -0.1400152 0 0
17.09375 0 190.71363 1.3996568 1.3996568 0 0
17.125 -0 190.74488 0.1502089 0.1502089 0 0
17.15625 -0 190.77613 -0.2912458 -0.2912458 0 0
17.1875 0 190.80738 -0.12619383 -0.12619383 0 0
17.21875 0 190.83863 0.19483617 0.19483617 0 0
17.25 -0 190.86988 0.092163392 0.092163392 0 0
17.28125 -0 190.90113 -0.4087144 -0.4087144 0 0
17.3125 0 190.93238 0.05995007 0.05995007 0 0
17.34375 0 190.96363 0.50826089 0.50826089 0 0
17.375 -0 190.99488 -0.038630356 -0.038630356 0 0
17.40625 -0 191.02613 -0.5792164 -0.5792164 0 0
17.4375 0 191.05738 0.034377942 0.034377942 0 0
17.46875 0 191.08863 0.76695151 0.76695151 0 0
17.5 -0 191.11988 -0.010967739 -0.010967739 0 0
17.53125 -0 191.15113 -1.5974804 -1.5974804 0 0
17.5625 0 191.18238 0.33725825 0.33725825 0 0
17.59375 0 191.21363 4.9912234 4.9912234 0 0
17.625 -0 191.24488 -2.6140002 -2.6140002 0 0
17.65625 -0 191.27613 -17.217503 -17.217503 0 0
17.6875 0 191.30738 13.616919 13.616919 0 0
17.71875 0 191.33863 56.206315 56.206315 0 0
17.75 -0 191.36988 -57.724309 -57.724309 0 0
17.78125 -0 191.40113 -166.18135 -166.18135 0 0
17.8125 0 191.43238 209.84885 209.84885 0 0
17.84375 0 191.46363 439.06828 439.06828 0 0
17.875 -0 191.49488 -667.78803 -667.78803 0 0
17.90625 -0 191.52613 -1028.8329 -1028.8329 0 0
17.9375 0 191.55738 1878.725 1878.725 0 0
17.96875 0 191.58863 2119.7108 2119.7108 0 0
18 -0 191.61988 -4698.9557 -4698.9557 0 0
18.03125 -0 191.65113 3787.6353 3787.6353 0 0
18.0625 0 191.68238 10484.561 10484.561 0 0
18.09375 0 191.71363 -5718.9959 -5718.9959 0 0
18.125 -0 191.74488 -20915.893 -20915.893 0 0
18.15625 -0 191.77613 6868.4505 6868.4505 0 0
18.1875 0 191.80738 37358.925 37358.925 0 0
18.21875 0 191.83863 -5323.0816 -5323.0816 0 0
18.25 -0 191.86988 -59792.917 -59792.917 0 0
18.28125 -0 191.90113 1267.2018 1267.2018 0 0
18.3125 0 191.93238 85772.443 85772.443 0 0
18.34375 0 191.96363 -14554.447 -14554.447 0 0
18.375 -0 191.99488 -110240.12 -110240.12 0 0
18.40625 -0 192.02613 34073.452 34073.452 0 0
18.4375 0 192.05738 126812.54 126812.54 0 0
18.46875 0 192.08863 -56476.811 -56476.811 0 0
18.5 -0 192.11988 -130289.41 -130289.41 0 0
18.53125 -0 192.15113 76262.393 76262.393 0 0
18.5625 0 192.18238 119119.47 119119.47 0 0
18.59375 0 192.21363 -87937.199 -87937.199 0 0
18.625 -0 192.24488 -96293.888 -96293.888 0 0
18.65625 -0 192.27613 88473.716 88473.716 0 0
18.6875 0 192.30738 -68030.537 -68030.537 0 0
18.71875 0 192.33863 -78576.392 -78576.392 0 0
18.75 -0 192.36988 41040.264 41040.264 0 0
18.78125 -0 192.40113 62049.293 62049.293 0 0
18.8125 0 192.43238 -19995.081 -19995.081 0 0
18.84375 0 192.46363 -43814.691 -43814.691 0 0
18.875 -0 192.49488 6457.0765 6457.0765 0 0
18.90625 -0 192.52613 27864.992 27864.992 0 0
18.9375 0 192.55738 -581.96542 -581.96542 0 0
18.96875 0 192.58863 -16185.466 -16185.466 0 0
19 -0 192.61988 3322.1591 3322.1591 0 0
19.03125 -0 192.65113 8859.1972 8859.1972 0 0
19.0625 0 192.68238 -3887.517 -3887.517 0 0
19.09375 0 192.71363 -4874.7259 -4874.7259 0 0
19.125 -0 192.74488 3690.7754 3690.7754 0 0
19.15625 -0 192.77613 2987.5808 2987.5808 0 0
19.1875 0 192.80738 -3413.536 -3413.536 0 0
19.21875 0 192.83863 -2234.5702 -2234.5702 0 0
19.25 -0 192.86988 3289.9794 3289.9794 0 0
19.28125 -0 192.90113 2045.8387 2045.8387 0 0
19.3125 0 192.93238 -3384.8814 -3384.8814 0 0
19.34375 0 192.96363 -2116.9428 -2116.9428 0 0
19.375 -0 192.99488 3717.7196 3717.7196 0 0
19.40625 -0 193.02613 2243.7125 2243.7125 0 0
19.4375 0 193.05738 -4251.1254 -4251.1254 0 0
19.46875 0 193.08863 -2245.9439 -2245.9439 0 0
19.5 -0 193.11988 4847.4097 4847.4097 0 0
19.53125 -0 193.15113 1993.8387 1993.8387 0 0
19.5625 0 193.18238 -5284.7524 -5284.7524 0 0
19.59375 0 193.21363 -1470.0667 -1470.0667 0 0
19.625 -0 193.24488 5349.6203 5349.6203 0 0
19.65625 -0 193.27613 787.32326 787.32326 0 0
19.6875 0 193.30738 -4947.2248 -4947.2248 0 0
19.71875 0 193.33863 -130.67961 -130.67961 0 0
19.75 -0 193.36988 4152.4485 4152.4485 0 0
19.78125 -0 193.40113 -340.18522 -340.18522 0 0
19.8125 0 193.43238 -3168.5797 -3168.5797 0 0
19.84375 0 193.46363 564.85642 564.85642 0 0
19.875 -0 193.49488 2227.5482 2227.5482 0 0
19.90625 -0 193.52613 -593.2307 -593.2307 0 0
19.9375 0 193.55738 -1497.843 -1497.843 0 0
19.96875 0 193.58863 543.97284 543.97284 0 0
20 -0 193.61988 1045.6098 1045.6098 0 0
20.03125 -0 193.65113 -549.55607 -549.55607 0 0
20.0625 0 193.68238 -848.07054 -848.07054 0 0
20.09375 0 193.71363 718.21965 718.21965 0 0
20.125 -0 193.74488 828.18807 828.18807 0 0
20.15625 -0 193.77613 -1115.1022 -1115.1022 0 0
20.1875 0 193.80738 -883.7649 -883.7649 0 0
20.21875 0 193.83863 1748.0548 1748.0548 0 0
20.25 -0 193.86988 908.75065 908.75065 0 0
20.28125 -0 193.90113 -2552.1921 -2552.1921 0 0
20.3125 0 193.93238 -821.86335 -821.86335 0 0
20.34375 0 193.96363 3389.4143 3389.4143 0 0
20.375 -0 193.99488 611.59404 611.59404 0 0
20.40625 -0 194.02613 -4090.1663 -4090.1663 0 0
20.4375 0 194.05738 -383.98748 -383.98748 0 0
20.46875 0 194.08863 4548.8072 4548.8072 0 0
20.5 -0 194.11988 381.44004 381.44004 0 0
20.53125 -0 194.15113 -4848.2744 -4848.2744 0 0
20.5625 0 194.18238 -942.44657 -942.44657 0 0
20.59375 0 194.21363 5357.2057 5357.2057 0 0
20.625 -0 194.24488 2391.2201 2391.2201 0 0
20.65625 -0 194.27613 -6731.0682 -6731.0682 0 0
20.6875 0 194.30738 -4872.4242 -4872.4242 0 0
20.71875 0 194.33863 9761.9623 9761.9623 0 0
20.75 -0 194.36988 8179.658 8179.658 0 0
20.78125 -0 194.40113 -15064.172 -15064.172 0 0
20.8125 0 194.43238 -11667.611 -11667.611 0 0
20.84375 0 194.46363 22666.806 22666.806 0 0
20.875 -0 194.49488 14357.12 14357.12 0 0
20.90625 -0 194.52613 -31697.663 -31697.663 0 0
20.9375 0 194.55738 -15280.936 -15280.936 0 0
20.96875 0 194.58863 40402.722 40402.722 0 0
21 -0 194.61988 -13958.852 -13958.852 0 0
21.03125 -0 194.65113 -46642.021 -46642.021 0 0
21.0625 0 194.68238 10731.37 10731.37 0 0
21.09375 0 194.71363 48723.092 48723.092 0 0
21.125 -0 194.74488 -6686.1514 -6686.1514 0 0
21.15625 -0 194.77613 -46151.304 -46151.304 0 0
21.1875 0 194.80738 3146.1445 3146.1445 0 0
21.21875 0 194.83863 39844.481 39844.481 0 0
21.25 -0 194.86988 -1002.6904 -1002.6904 0 0
21.28125 -0 194.90113 -31662.43 -31662.43 0 0
21.3125 0 194.93238 -310.53785 -310.53785 0 0
21.34375 0 194.96363 23535.877 23535.877 0 0
21.375 -0 194.99488 387.92906 387.92906 0 0
21.40625 -0 195.02613 -16711.233 -16711.233 0 0
21.4375 0 195.05738 -319.65869 -319.65869 0 0
21.46875 0 195.08863 11494.895 11494.895 0 0
21.5 -0 195.11988 485.69046 485.69046 0 0
21.53125 -0 195.15113 -7519.3071 -7519.3071 0 0
21.5625 0 195.18238 -2017.3711 -2017.3711 0 0
21.59375 0 195.21363 4247.0145 4247.0145 0 0
21.625 -0 195.24488 3771.9735 3771.9735 0 0
21.65625 -0 195.27613 -1365.5558 -1365.5558 0 0
21.6875 0 195.30738 5112.5579 5112.5579 0 0
21.71875 0 195.33863 1115.1189 1115.1189 0 0
21.75 -0 195.36988 -5624.9519 -5624.9519 0 0
21.78125 -0 195.40113 -3025.0086 -3025.0086 0 0
21.8125 0 195.43238 5274.4479 5274.4479 0 0
21.84375 0 195.46363 4276.1931 4276.1931 0 0
21.875 -0 195.49488 -4321.167 -4321.167 0 0
21.90625 -0 195.52613 -5004.4589 -5004.4589 0 0
21.9375 0 195.55738 3096.4858 3096.4858 0 0
21.96875 0 195.58863 -5532.674 -5532.674 0 0
22 -0 195.61988 -1798.3353 -1798.3353 0 0
22.03125 -0 195.65113 6198.1783 6198.1783 0 0
22.0625 0 195.68238 421.10349 421.10349 0 0
22.09375 0 195.71363 -7156.9572 -7156.9572 0 0
22.125 -0 195.74488 -1158.4481 -1158.4481 0 0
22.15625 -0 195.77613 8279.3493 8279.3493 0 0
22.1875 0 195.80738 -3008.4114 -3008.4114 0 0
22.21875 0 195.83863 -9200.0185 -9200.0185 0 0
22.25 -0 195.86988 4998.6192 4998.6192 0 0
22.28125 -0 195.90113 9503.036 9503.036 0 0
22.3125 0 195.93238 -6786.4704 -6786.4704 0 0
22.34375 0 195.96363 -8944.7638 -8944.7638 0 0
22.375 -0 195.99488 7951.361 7951.361 0 0
22.40625 -0 196.02613 7589.1973 7589.1973 0 0
22.4375 0 196.05738 -8197.6831 -8197.6831 0 0
22.46875 0 196.08863 -5782.2074 -5782.2074 0 0
22.5 -0 196.11988 7497.6586 7497.6586 0 0
22.53125 -0 196.15113 3994.1699 3994.1699 0 0
22.5625 0 196.18238 -6090.2957 -6090.2957 0 0
22.59375 0 196.21363 -2636.8097 -2636.8097 0 0
22.625 -0 196.24488 4356.9708 4356.9708 0 0
22.65625 -0 196.27613 1951.3206 1951.3206 0 0
22.6875 0 196.30738 -2670.3483 -2670.3483 0 0
22.71875 0 196.33863 -1989.4996 -1989.4996 0 0
22.75 -0 196.36988 1303.2344 1303.2344 0 0
22.78125 -0 196.40113 2642.9764 2642.9764 0 0
22.8125 0 196.43238 -410.88554 -410.88554 0 0
22.84375 0 196.46363 -3673.515 -3673.515 0 0
22.875 -0 196.49488 40.297377 40.297377 0 0
22.90625 -0 196.52613 4745.1057 4745.1057 0 0
22.9375 0 196.55738 -125.49105 -125.49105 0 0
22.96875 0 196.58863 -5492.6292 -5492.6292 0 0
23 -0 196.61988 480.42586 480.42586 0 0
23.03125 -0 196.65113 5638.1443 5638.1443 0 0
23.0625 0 196.68238 -835.64047 -835.64047 0 0
23.09375 0 196.71363 -5106.1222 -5106.1222 0 0
23.125 -0 196.74488 937.72372 937.72372 0 0
23.15625 -0 196.77613 4059.2411 4059.2411 0 0
23.1875 0 196.80738 -666.60062 -666.60062 0 0
23.21875 0 196.83863 -2817.3594 -2817.3594 0 0
23.25 -0 196.86988 -91.724432 -91.724432 0 0
23.28125 -0 196.90113 1703.8392 1703.8392 0 0
23.3125 0 196.93238 576.04726 576.04726 0 0
23.34375 0 196.96363 -913.19945 -913.19945 0 0
23.375 -0 196.99488 -1104.8144 -1104.8144 0 0
23.40625 -0 197.02613 470.41742 470.41742 0 0
23.4375 0 197.05738 1354.3791 1354.3791 0 0
23.46875 0 197.08863 -281.74264 -281.74264 0 0
23.5 -0 197.11988 -1318.1021 -1318.1021 0 0
23.53125 -0 197.15113 221.6941 221.6941 0 0
23.5625 0 197.18238 1088.3094 1088.3094 0 0
23.59375 0 197.21363 -197.60749 -197.60749 0 0
23.625 -0 197.24488 -786.75303 -786.75303 0 0
23.65625 -0 197.27613 168.29505 168.29505 0 0
23.6875 0 197.30738 507.87566 507.87566 0 0
23.71875 0 197.33863 -129.31932 -129.31932 0 0
23.75 -0 197.36988 -297.41322 -297.41322 0 0
23.78125 -0 197.40113 89.871596 89.871596 0 0
23.8125 0 197.43238 160.54959 160.54959 0 0
23.84375 0 197.46363 -57.743482 -57.743482 0 0
23.875 -0 197.49488 -81.491846 -81.491846 0 0
23.90625 -0 197.52613 35.14017 35.14017 0 0
23.9375 0 197.55738 39.988309 39.988309 0 0
23.96875 0 197.58863 -20.503785 -20.503785 0 0
24 -0 197.61988 -19.722369 -19.722369 0 0
24.03125 -0 197.65113 -11.288508 -11.288508 0 0
24.0625 0 197.68238 10.202392 10.202392 0 0
24.09375 0 197.71363 5.4748212 5.4748212 0 0
24.125 -0 197.74488 -5.6177431 -5.6177431 0 0
24.15625 -0 197.77613 -1.8531067 -1.8531067 0 0
24.1875 0 197.80738 3.1203171 3.1203171 0 0
24.21875 0 197.83863 0.21352984 0.21352984 0 0
24.25 -0 197.86988 -1.5038115 -1.5038115 0 0
24.28125 -0 197.90113 -1.0540961 -1.0540961 0 0
24.3125 0 197.93238 0.37742715 0.37742715 0 0
24.34375 0 197.96363 0.82921169 0.82921169 0 0
24.375 -0 197.99488 0.33094282 0.33094282 0 0
24.40625 -0 198.02613 0.43696341 0.43696341 0 0
24.4375 0 198.05738 -0.68842189 -0.68842189 0 0
24.46875 0 198.08863 -2.8698242 -2.8698242 0 0
24.5 -0 198.11988 0.96279001 0.96279001 0 0
24.53125 -0 198.15113 6.723372 6.723372 0 0
24.5625 0 198.18238 -1.7314999 -1.7314999 0 0
24.59375 0 198.21363 -12.23981 -12.23981 0 0
24.625 -0 198.24488 3.8465149 3.8465149 0 0
24.65625 -0 198.27613 19.355677 19.355677 0 0
24.6875 0 198.30738 -8.1798689 -8.1798689 0 0
24.71875 0 198.33863 -27.352685 -27.352685 0 0
24.75 -0 198.36988 15.139208 15.139208 0 0
24.78125 -0 198.40113 34.679952 34.679952 0 0
24.8125 0 198.43238 -24.101445 -24.101445 0 0
24.84375 0 198.46363 -39.134443 -39.134443 0 0
24.875 -0 198.49488 33.022752 33.022752 0 0
24.90625 -0 198.52613 38.307431 38.307431 0 0
24.9375 0 198.55738 -38.326741 -38.326741 0 0
24.96875 0 198.58863 -29.889038 -29.889038 0 0
25 -0 198.61988 34.719198 34.719198 0 0
25.03125 -0 198.65113 11.482192 11.482192 0 0
25.0625 0 198.68238 -14.213725 -14.213725 0 0
25.09375 0 198.71363 19.749388 19.749388 0 0
25.125 -0 198.74488 -35.947273 -35.947273 0 0
25.15625 -0 198.77613 -66.357745 -66.357745 0 0
25.1875 0 198.80738 135.25797 135.25797 0 0
25.21875 0 198.83863 127.42894 127.42894 0 0
25.25 -0 198.86988 -308.6041 -308.6041 0 0
25.28125 -0 198.90113 -193.19033 -193.19033 0 0
25.3125 0 198.93238 577.96244 577.96244 0 0
25.34375 0 198.96363 240.78645 240.78645 0 0
25.375 -0 198.99488 -946.73198 -946.73198 0 0
25.40625 -0 199.02613 -236.84082 -236.84082 0 0
25.4375 0 199.05738 1383.0233 1383.0233 0 0
25.46875 0 199.08863 150.33938 150.33938 0 0
25.5 -0 199.11988 -1814.0408 -1814.0408 0 0
25.53125 -0 199.15113 27.955697 27.955697 0 0
25.5625 0 199.18238 2141.8452 2141.8452 0 0
25.59375 0 199.21363 -271.3092 -271.3092 0 0
25.625 -0 199.24488 -2278.7705 -2278.7705 0 0
25.65625 -0 199.27613 520.40698 520.40698 0 0
25.6875 0 199.30738 2185.5731 2185.5731 0 0
25.71875 0 199.33863 -706.49557 -706.49557 0 0
25.75 -0 199.36988 -1889.8426 -1889.8426 0 0
25.78125 -0 199.40113 782.0047 782.0047 0 0
25.8125 0 199.43238 1473.0653 1473.0653 0 0
25.84375 0 199.46363 -740.05912 -740.05912 0 0
25.875 -0 199.49488 -1034.6415 -1034.6415 0 0
25.90625 -0 199.52613 612.05365 612.05365 0 0
25.9375 0 199.55738 654.40366 654.40366 0 0
25.96875 0 199.58863 -447.6653 -447.6653 0 0
26 -0 199.61988 -372.38772 -372.38772 0 0
26.03125 -0 199.65113 291.64704 291.64704 0 0
26.0625 0 199.68238 190.48805 190.48805 0 0
26.09375 0 199.71363 -170.01185 -170.01185 0 0
26.125 -0 199.74488 -87.640438 -87.640438 0 0
26.15625 -0 199.77613 88.980304 88.980304 0 0
26.1875 0 199.80738 36.507218 36.507218 0 0
26.21875 0 199.83863 -42.00515 -42.00515 0 0
26.25 -0 199.86988 -14.12805 -14.12805 0 0
26.28125 -0 199.90113 18.110697 18.110697 0 0
26.3125 0 199.93238 5.4429103 5.4429103 0 0
26.34375 0 199.96363 -7.4087822 -7.4087822 0 0
26.375 -0 199.99488 -2.3236033 -2.3236033 0 0
26.40625 -0 200.02613 3.1476675 3.1476675 0 0
26.4375 0 200.05738 1.1289792 1.1289792 0 0
26.46875 0 200.08863 -1.5501455 -1.5501455 0 0
26.5 -0 200.11988 -0.54313432 -0.54313432 0 0
26.53125 -0 200.15113 0.86251776 0.86251776 0 0
26.5625 0 200.18238 0.21246062 0.21246062 0 0
26.59375 0 200.21363 -0.43809781 -0.43809781 0 0
26.625 -0 200.24488 -0.06738663 -0.06738663 0 0
26.65625 -0 200.27613 0.11829409 0.11829409 0 0
26.6875 0 200.30738 0.065928617 0.065928617 0 0
26.71875 0 200.33863 0.10286917 0.10286917 0 0
26.75 -0 200.36988 -0.14334569 -0.14334569 0 0
26.78125 -0 200.40113 -0.22026829 -0.22026829 0 0
26.8125 0 200.43238 0.232259 0.232259 0 0
26.84375 0 200.46363 0.25214932 0.25214932 0 0
26.875 -0 200.49488 -0.28513187 -0.28513187 0 0
26.90625 -0 200.52613 -0.2327259 -0.2327259 0 0
26.9375 0 200.55738 0.28024551 0.28024551 0 0
26.96875 0 200.58863 0.19996259 0.19996259 0 0
27 -0 200.61988 -0.21852213 -0.21852213 0 0
27.03125 -0 200.65113 -0.1875866 -0.1875866 0 0
27.0625 0 200.68238 0.11977897 0.11977897 0 0
27.09375 0 200.71363 0.21547077 0.21547077 0 0
27.125 -0 200.74488 0.01478932 0.01478932 0 0
27.15625 -0 200.77613 -0.27850468 -0.27850468 0 0
27.1875 0 200.80738 -0.074003437 -0.074003437 0 0
27.21875 0 200.83863 0.34814881 0.34814881 0 0
27.25 -0 200.86988 0.15448395 0.15448395 0 0
27.28125 -0 200.90113 -0.39729778 -0.39729778 0 0
27.3125 0 200.93238 -0.26492427 -0.26492427 0 0
27.34375 0 200.96363 0.43244473 0.43244473 0 0
27.375 -0 200.99488 0.44121313 0.44121313 0 0
27.40625 -0 201.02613 -0.50040855 -0.50040855 0 0
27.4375 0 201.05738 -0.67989035 -0.67989035 0 0
27.46875 0 201.08863 0.6675227 0.6675227 0 0
27.5 -0 201.11988 0.94379613 0.94379613 0 0
27.53125 -0 201.15113 -1.0391565 -1.0391565 0 0
27.5625 0 201.18238 -1.2126944 -1.2126944 0 0
27.59375 0 201.21363 1.9474946 1.9474946 0 0
27.625 -0 201.24488 1.4821321 1.4821321 0 0
27.65625 -0 201.27613 -4.4422575 -4.4422575 0 0
27.6875 0 201.30738 -1.4959104 -1.4959104 0 0
27.71875 0 201.33863 11.135305 11.135305 0 0
27.75 -0 201.36988 -0.096307968 -0.096307968 0 0
27.78125 -0 201.40113 -27.19434 -27.19434 0 0
27.8125 0 201.43238 7.4143074 7.4143074 0 0
27.84375 0 201.46363 60.778832 60.778832 0 0
27.875 -0 201.49488 -29.663019 -29.663019 0 0
27.90625 -0 201.52613 -121.65125 -121.65125 0 0
27.9375 0 201.55738 82.843208 82.843208 0 0
27.96875 0 201.58863 216.75461 216.75461 0 0
28 -0 201.61988 -188.35006 -188.35006 0 0
28.03125 -0 201.65113 -343.09021 -343.09021 0 0
28.0625 0 201.68238 365.83227 365.83227 0 0
28.09375 0 201.71363 481.2179 481.2179 0 0
28.125 -0 201.74488 -620.3219 -620.3219 0 0
28.15625 -0 201.77613 -595.14331 -595.14331 0 0
28.1875 0 201.80738 928.9263 928.9263 0 0
28.21875 0 201.83863 642.96004 642.96004 0 0
28.25 -0 201.86988 -1236.7589 -1236.7589 0 0
28.28125 -0 201.90113 -596.02225 -596.02225 0 0
28.3125 0 201.93238 1469.9275 1469.9275 0 0
28.34375 0 201.96363 456.39631 456.39631 0 0
28.375 -0 201.99488 -1563.5181 -1563.5181 0 0
28.40625 -0 202.02613 -260.27491 -260.27491 0 0
28.4375 0 202.05738 1490.6109 1490.6109 0 0
28.46875 0 202.08863 62.937959 62.937959 0 0
28.5 -0 202.11988 -1274.809 -1274.809 0 0
28.53125 -0 202.15113 86.329848 86.329848 0 0
28.5625 0 202.18238 978.34708 978.34708 0 0
28.59375 0 202.21363 -163.94252 -163.94252 0 0
28.625 -0 202.24488 -673.71219 -673.71219 0 0
28.65625 -0 202.27613 175.72695 175.72695 0 0
28.6875 0 202.30738 416.08695 416.08695 0 0
28.71875 0 202.33863 -145.92494 -145.92494 0 0
28.75 -0 202.36988 -230.26541 -230.26541 0 0
28.78125 -0 202.40113 101.41904 101.41904 0 0
28.8125 0 202.43238 114.02059 114.02059 0 0
28.84375 0 202.46363 -60.858666 -60.858666 0 0
28.875 -0 202.49488 -50.408952 -50.408952 0 0
28.90625 -0 202.52613 32.02872 32.02872 0 0
28.9375 0 202.55738 19.83335 19.83335 0 0
28.96875 0 202.58863 -14.916654 -14.916654 0 0
29 -0 202.61988 -6.9103486 -6.9103486 0 0
29.03125 -0 202.65113 6.1823835 6.1823835 0 0
29.0625 0 202.68238 2.1153532 2.1153532 0 0
29.09375 0 202.71363 -2.2888208 -2.2888208 0 0
29.125 -0 202.74488 -0.56121931 -0.56121931 0 0
29.15625 -0 202.77613 0.75885893 0.75885893 0 0
29.1875 0 202.80738 0.12570275 0.12570275 0 0
29.21875 0 202.83863 -0.2257386 -0.2257386 0 0
29.25 -0 202.86988 -0.022353473 -0.022353473 0 0
29.28125 -0 202.90113 0.060329707 0.060329707 0 0
29.3125 0 202.93238 0.0025474169 0.0025474169 0 0
29.34375 0 202.96363 -0.014500005 -0.014500005 0 0
